1097.70 3
110.9300 1.0000
129.0200 44.2000
130.1200 7.2000
139.1400 1.4000
145.1900 1.5000
146.9800 10.2000
156.0200 1.7000
156.7900 1.1000
158.7900 1.7000
164.2500 2.1000
169.1200 2.1000
172.2400 2.6000
174.9900 3.6000
178.4800 1.1000


1553.70 3
155.0400 5.6000
158.0500 16.1000
163.8800 2.0000
166.1500 1.8000
167.0800 6.2000
173.0400 2.4000
175.0400 78.3000
176.2800 16.4000
181.0500 2.5000
185.4700 12.0000
186.1300 12.6000
186.9500 7.7000
188.1300 5.2000
193.2100 54.1000
194.9800 2.9000
196.9300 1.6000
198.3100 3.7000
201.0900 2.6000
202.1800 26.0000
